# Created by Octave 4.4.0, Sat Jun 02 18:17:17 2018 GMT <unknown@DESKTOP-4I3IKHP>
# name: v
# type: matrix
# rows: 10
# columns: 1
 3999
 3299
 3690
 2320
 5399
 2999
 3149
 1989
 2120
 2425


