# Created by Octave 4.4.0, Sat Jun 02 18:29:27 2018 GMT <unknown@DESKTOP-4I3IKHP>
# name: A
# type: matrix
# rows: 3
# columns: 2
 1 2
 3 4
 5 6


# name: B
# type: matrix
# rows: 3
# columns: 2
 11 12
 13 14
 15 16


# name: C
# type: matrix
# rows: 6
# columns: 2
 1 2
 3 4
 5 6
 11 12
 13 14
 15 16


# name: ans
# type: matrix
# rows: 1
# columns: 2
 6 2


# name: v
# type: matrix
# rows: 10
# columns: 1
 3999
 3299
 3690
 2320
 5399
 2999
 3149
 1989
 2120
 2425


