# Created by Octave 4.4.0, Sat Jun 02 19:41:53 2018 GMT <unknown@DESKTOP-4I3IKHP>
# name: A
# type: matrix
# rows: 5
# columns: 5
 17 24 1 8 15
 23 5 7 14 16
 4 6 13 20 22
 10 12 19 21 3
 11 18 25 2 9


# name: B
# type: matrix
# rows: 3
# columns: 2
 11 12
 13 14
 15 16


# name: C
# type: matrix
# rows: 2
# columns: 2
 1 1
 2 2


# name: a
# type: matrix
# rows: 1
# columns: 4
 1 15 2 0.5


# name: ans
# type: scalar
79


# name: c
# type: lazy_index
# name: index_value
# type: matrix
# rows: 3
# columns: 1
 1
 2
 3




# name: max
# type: scalar
2


# name: r
# type: lazy_index
# name: index_value
# type: matrix
# rows: 3
# columns: 1
 1
 3
 2




# name: t
# type: matrix
# rows: 1
# columns: 89
 0.10000000000000001 0.11 0.12000000000000001 0.13 0.14000000000000001 0.15000000000000002 0.16 0.17000000000000001 0.17999999999999999 0.19 0.20000000000000001 0.21000000000000002 0.22 0.23000000000000001 0.24000000000000002 0.25 0.26000000000000001 0.27000000000000002 0.28000000000000003 0.29000000000000004 0.30000000000000004 0.31 0.32000000000000001 0.33000000000000002 0.33999999999999997 0.34999999999999998 0.35999999999999999 0.37 0.38 0.39000000000000001 0.40000000000000002 0.41000000000000003 0.42000000000000004 0.43000000000000005 0.44000000000000006 0.45000000000000007 0.45999999999999996 0.46999999999999997 0.47999999999999998 0.48999999999999999 0.5 0.51000000000000001 0.52000000000000002 0.53000000000000003 0.54000000000000004 0.55000000000000004 0.56000000000000005 0.57000000000000006 0.57999999999999996 0.58999999999999997 0.59999999999999998 0.60999999999999999 0.62 0.63 0.64000000000000001 0.65000000000000002 0.66000000000000003 0.67000000000000004 0.67999999999999994 0.68999999999999995 0.69999999999999996 0.70999999999999996 0.71999999999999997 0.72999999999999998 0.73999999999999999 0.75 0.76000000000000001 0.77000000000000002 0.78000000000000003 0.79000000000000004 0.80000000000000004 0.80999999999999994 0.81999999999999995 0.82999999999999996 0.83999999999999997 0.84999999999999998 0.85999999999999999 0.87 0.88 0.89000000000000001 0.90000000000000002 0.91000000000000003 0.92000000000000004 0.93000000000000005 0.93999999999999995 0.94999999999999996 0.95999999999999996 0.96999999999999997 0.97999999999999998


# name: v
# type: matrix
# rows: 3
# columns: 1
 1
 2
 3


# name: val
# type: scalar
15


# name: y1
# type: matrix
# rows: 1
# columns: 89
 0.58778525229247325 0.36812455268467814 0.12533323356430409 -0.12533323356430429 -0.36812455268467831 -0.58778525229247336 -0.77051324277578936 -0.9048270524660198 -0.98228725072868872 -0.99802672842827156 -0.95105651629515364 -0.84432792550201496 -0.68454710592868895 -0.48175367410171532 -0.24868988716485449 -2.4492127076447545e-016 0.24868988716485488 0.48175367410171566 0.68454710592868928 0.84432792550201519 0.95105651629515375 0.99802672842827156 0.98228725072868861 0.90482705246601924 0.7705132427757897 0.58778525229247336 0.36812455268467797 0.1253332335643039 -0.12533323356430318 -0.36812455268467725 -0.5877852522924728 -0.77051324277578925 -0.90482705246601969 -0.98228725072868883 -0.99802672842827145 -0.9510565162951532 -0.84432792550201607 -0.68454710592868984 -0.48175367410171632 -0.2486898871648556 -4.898425415289509e-016 0.24868988716485466 0.48175367410171543 0.68454710592868906 0.84432792550201552 0.95105651629515398 0.99802672842827167 0.98228725072868861 0.90482705246602002 0.77051324277578981 0.58778525229247358 0.3681245526846782 0.12533323356430415 -0.12533323356430293 -0.3681245526846787 -0.58778525229247258 -0.77051324277579014 -0.90482705246601958 -0.98228725072868839 -0.99802672842827178 -0.95105651629515375 -0.84432792550201619 -0.68454710592868862 -0.48175367410171654 -0.2486898871648541 -7.3476381229342635e-016 0.24868988716485269 0.48175367410171521 0.68454710592868762 0.84432792550201541 0.95105651629515331 0.99802672842827145 0.98228725072868939 0.90482705246602013 0.77051324277579114 0.5877852522924738 0.36812455268468008 0.1253332335643044 -0.12533323356430268 -0.36812455268467847 -0.58778525229247247 -0.77051324277579003 -0.90482705246601947 -0.98228725072868905 -0.99802672842827178 -0.95105651629515386 -0.8443279255020163 -0.68454710592868884 -0.48175367410171677


# name: y2
# type: matrix
# rows: 1
# columns: 89
 -0.80901699437494734 -0.92977648588825135 -0.99211470131447788 -0.99211470131447788 -0.92977648588825124 -0.80901699437494723 -0.63742398974868952 -0.42577929156507216 -0.18738131458572463 0.062790519529312833 0.30901699437494723 0.53582679497899677 0.72896862742141122 0.87630668004386358 0.96858316112863119 1 0.96858316112863108 0.87630668004386336 0.728968627421411 0.53582679497899643 0.30901699437494684 0.062790519529313318 -0.18738131458572502 -0.42577929156507333 -0.63742398974868919 -0.80901699437494723 -0.92977648588825146 -0.99211470131447788 -0.99211470131447799 -0.92977648588825168 -0.80901699437494767 -0.63742398974868975 -0.42577929156507238 -0.18738131458572399 0.062790519529314359 0.30901699437494867 0.53582679497899499 0.72896862742141044 0.87630668004386303 0.96858316112863097 1 0.96858316112863119 0.87630668004386347 0.72896862742141111 0.53582679497899588 0.30901699437494623 0.062790519529311792 -0.18738131458572477 -0.42577929156507149 -0.63742398974868897 -0.80901699437494712 -0.92977648588825135 -0.99211470131447788 -0.99211470131447799 -0.92977648588825113 -0.80901699437494778 -0.63742398974868852 -0.4257792915650726 -0.18738131458572599 0.062790519529310571 0.30901699437494679 0.53582679497899488 0.72896862742141155 0.87630668004386292 0.9685831611286313 1 0.96858316112863163 0.87630668004386358 0.72896862742141255 0.5358267949789961 0.30901699437494817 0.06279051952931558 -0.18738131458572105 -0.42577929156507127 -0.63742398974868741 -0.8090169943749469 -0.92977648588825057 -0.99211470131447776 -0.99211470131447799 -0.92977648588825124 -0.8090169943749479 -0.63742398974868875 -0.42577929156507283 -0.18738131458572274 0.062790519529310335 0.30901699437494656 0.53582679497899466 0.72896862742141133 0.87630668004386281


